-4.362513946239930940e-01
-3.214409995065765080e-01
-4.362820098094445931e-01
9.998940116719050586e-01
-4.362557703819177068e-01
9.998936037303782776e-01
-4.362921803447486480e-01
9.997210927103328260e-01
-4.362888232533092547e-01
-1.300558861658578091e-01
5.168818213690604818e-02
-3.202976107084146706e-01
1.681549765238680438e-01
1.823009260143317878e-01
2.401864034652902991e-01
8.615156799451256786e-02
3.138903502640651433e-01
2.061208603048717003e-01
4.112694743779958806e-01
1.914505053784493760e-01
4.361804710797071438e-01
8.496156754422060087e-02
4.362666589680180285e-01
7.712155912664661606e-02
4.362910296391530607e-01
3.044919691207618323e-02
4.362992806837805437e-01
2.052774581611222643e-02
4.363071546979144788e-01
-7.371127142335574811e-02
4.363121329938312587e-01
8.625299740380065749e-02
4.363123460984089097e-01
9.998215308645633792e-01
4.363081581246313623e-01
9.999616370606816407e-01
-4.362835307062070123e-01
9.999707391331232875e-01
-4.363044131753726629e-01
9.999681589327387154e-01
-4.363108331773410953e-01
9.999699851871499678e-01
-4.363043560588121816e-01
9.999650965721428308e-01
-3.556239384261639103e-01
9.999114419014473176e-01
-1.445802788533946670e-01
-3.215780955953913001e-01
2.307377847315155439e-01
-3.215885453619399259e-01
-4.362654656002926679e-01
-3.215892169377218002e-01
-4.363043104646123771e-01
-3.215884290568539750e-01
-4.363152990234265283e-01
-3.215816301305604585e-01
-4.363186240301636931e-01
-2.682396409860604569e-02
-4.363158318941850466e-01
5.359262195054705080e-02
-4.363044135969592063e-01
5.358233596900559975e-02
-4.362075231438982126e-01
5.364588031658945599e-02
-2.394607307162232857e-01
1.207312616674420386e-01
-1.525110886381730591e-01
1.378945604898296762e-01
-1.254461820014968754e-01
1.416760946571085644e-01
-1.328816995674441115e-01
1.406727624529288123e-01
-1.729760354214912310e-01
1.344937181838210816e-01
-2.603840880466086194e-01
1.153963104056450334e-01
-4.355389682871925183e-01
5.394798865118317216e-02
9.120000000000000329e-01
-5.580000000000000515e-01
-2.676000000000000156e+00
4.898270000000000124e-01
9.049066334373879750e-01
-5.604076153605997979e-01
-2.713796486347946235e+00
5.001110774715529228e-01
8.809154803191462380e-01
-5.664375680517159672e-01
-2.838602062197608245e+00
5.351481258236813199e-01
8.620658292811005374e-01
-5.690101652869868909e-01
-2.934594553926731741e+00
5.631490105677828817e-01
8.620658292811005374e-01
-5.690101652869868909e-01
-2.934594553926731741e+00
5.631490105677828817e-01
8.534337720105719116e-01
-5.695666499790379422e-01
-2.978201996854314526e+00
5.366211464805372700e-01
8.284729837828209709e-01
-5.691162013541702924e-01
-3.104236422885993996e+00
4.716034600057845139e-01
8.122256100768009413e-01
-5.670955645213341390e-01
-3.186816870329452822e+00
4.384889809406569139e-01
8.122256100768009413e-01
-5.670955645213341390e-01
-3.186816870329452822e+00
4.384889809406569139e-01
8.055301820771033627e-01
-5.658614185963037890e-01
-3.221146919730440317e+00
4.267899550567531564e-01
7.856986913923499349e-01
-5.607948223784020580e-01
-3.324432062966864887e+00
3.980904340122591867e-01
7.724203379658404200e-01
-5.561305123494174607e-01
-3.395418170676786751e+00
3.834563491247021116e-01
7.724203379658404200e-01
-5.561305123494174607e-01
-3.395418170676786751e+00
3.834563491247021116e-01
7.668715589864112392e-01
-5.538595776397438053e-01
-3.425655826714073537e+00
3.782847893420170360e-01
7.502297371552220095e-01
-5.458239264377428013e-01
-3.518902023742774166e+00
3.655926101385192917e-01
7.389608507024437722e-01
-5.392272738257820608e-01
-3.584770032683899821e+00
3.591171239230869783e-01
7.389608507024437722e-01
-5.392272738257820608e-01
-3.584770032683899821e+00
3.591171239230869783e-01
7.343751225526037318e-01
-5.362472819962122994e-01
-3.612357153058660231e+00
3.633656280013978779e-01
7.201164830237793968e-01
-5.257479032214915637e-01
-3.701689117749866753e+00
3.771815583561280993e-01
7.100893152244505124e-01
-5.170800004321525201e-01
-3.768553243991775936e+00
3.875772141730918774e-01
7.100893152244505124e-01
-5.170800004321525201e-01
-3.768553243991775936e+00
3.875772141730918774e-01
7.050369851385979159e-01
-5.135417579252352649e-01
-3.764867638966823193e+00
3.957875540794242863e-01
6.882490748053641250e-01
-5.019805192641869640e-01
-3.752687793899639690e+00
4.243083478527979735e-01
6.752102242480603200e-01
-4.932076531245052076e-01
-3.743297372373389553e+00
4.477133045660705579e-01
6.752102242480603200e-01
-4.932076531245052076e-01
-3.743297372373389553e+00
4.477133045660705579e-01
6.694159212725574459e-01
-4.896620061591148709e-01
-3.730092123493596201e+00
4.495501262578360246e-01
6.506513708155046150e-01
-4.788811513612809545e-01
-3.688021049511375438e+00
4.551528497586233013e-01
6.366308914623923787e-01
-4.714916701299612378e-01
-3.657211566405218495e+00
4.590297852243915844e-01
6.366308914623923787e-01
-4.714916701299612378e-01
-3.657211566405218495e+00
4.590297852243915844e-01
6.303225606678007908e-01
-4.685196207611633801e-01
-3.637848381372411399e+00
4.620928880126929372e-01
6.097486524987031364e-01
-4.598315937910825713e-01
-3.575829273604374414e+00
4.716383798502961633e-01
5.942534914801920198e-01
-4.542507017111879764e-01
-3.530095432662666788e+00
4.784331639307684569e-01
5.942534914801920198e-01
-4.542507017111879764e-01
-3.530095432662666788e+00
4.784331639307684569e-01
5.870314937172078640e-01
-4.521030114159553803e-01
-3.502754389729985096e+00
4.785214851096032396e-01
5.638615922525357371e-01
-4.466263439044069194e-01
-3.416335652673362144e+00
4.787871979549294110e-01
5.468100482246992522e-01
-4.439164496060328813e-01
-3.353675021803114831e+00
4.789677143017384564e-01
5.468100482246992522e-01
-4.439164496060328813e-01
-3.353675021803114831e+00
4.789677143017384564e-01
5.392963678648369230e-01
-4.433004700666419717e-01
-3.317831240779103741e+00
4.785511165916835896e-01
5.155310061022562174e-01
-4.431288315008006240e-01
-3.204778151006391518e+00
4.773017408751125124e-01
4.984095314914707697e-01
-4.446758343651205925e-01
-3.123022400160740730e+00
4.764565141051997910e-01
4.984095314914707697e-01
-4.446758343651205925e-01
-3.123022400160740730e+00
4.764565141051997910e-01
4.915570054560568503e-01
-4.457480814208934494e-01
-3.088046224157295239e+00
4.779275049628330385e-01
4.700856809103011735e-01
-4.507405462721108536e-01
-2.976837649532939611e+00
4.824612612589828653e-01
4.548191391245052229e-01
-4.558778187457113162e-01
-2.895593575396073316e+00
4.856414576924933946e-01
4.548191391245052229e-01
-4.558778187457113162e-01
-2.895593575396073316e+00
4.856414576924933946e-01
4.477186121832389953e-01
-4.587506809092300464e-01
-2.856959067466926516e+00
4.872855782469412977e-01
4.259525136706951431e-01
-4.696825398584922873e-01
-2.734044374472111016e+00
4.923521904464447374e-01
4.109730546806476537e-01
-4.793202831236432204e-01
-2.644180140417101477e+00
4.959054372332765692e-01
4.109730546806476537e-01
-4.793202831236432204e-01
-2.644180140417101477e+00
4.959054372332765692e-01
4.044374260112136854e-01
-4.841564188605365637e-01
-2.603167133013557066e+00
4.986044327692638611e-01
3.849748198379585595e-01
-5.013408077634000648e-01
-2.472131569692795239e+00
5.070173158386310774e-01
3.721880598967463039e-01
-5.155164373907361597e-01
-2.375805466418759782e+00
5.130065079665102612e-01
3.721880598967463039e-01
-5.155164373907361597e-01
-2.375805466418759782e+00
5.130065079665102612e-01
3.673757507621576712e-01
-5.216380768120265632e-01
-2.336525899513808735e+00
5.156440202771106485e-01
3.536802029128924274e-01
-5.423760031423419115e-01
-2.211102802569928638e+00
5.238924301765436331e-01
3.453291587280044594e-01
-5.586149659602966944e-01
-2.118967002121307619e+00
5.297900915978138725e-01
3.453291587280044594e-01
-5.586149659602966944e-01
-2.118967002121307619e+00
5.297900915978138725e-01
3.420044600267846957e-01
-5.663090968055627394e-01
-2.076679394930052602e+00
5.350434994255617305e-01
3.335474072610281060e-01
-5.919719730469852337e-01
-1.940304057616311528e+00
5.518682255811644399e-01
3.295612994537857610e-01
-6.116863469433003742e-01
-1.838805730398423988e+00
5.642776016005306428e-01
3.295612994537857610e-01
-6.116863469433003742e-01
-1.838805730398423988e+00
5.642776016005306428e-01
3.284400867302928462e-01
-6.205036494102462719e-01
-1.793970831881392947e+00
5.646788955681154576e-01
3.275170416270344886e-01
-6.485915284890786392e-01
-1.652104877075985412e+00
5.659116623305820992e-01
3.293401136711149313e-01
-6.689229748412757193e-01
-1.549098220887151989e+00
5.667726573577517302e-01
3.293401136711149313e-01
-6.689229748412757193e-01
-1.549098220887151989e+00
5.667726573577517302e-01
3.306429266553753132e-01
-6.768664524776982772e-01
-1.508511982957970066e+00
5.417571970579020402e-01
3.361887483122789622e-01
-6.995489943422933399e-01
-1.390634244396474983e+00
4.792971251434692825e-01
3.412982325089468638e-01
-7.140546170148980298e-01
-1.313058448395778122e+00
4.465882736794557495e-01
3.412982325089468638e-01
-7.140546170148980298e-01
-1.313058448395778122e+00
4.465882736794557495e-01
3.440710175460007236e-01
-7.206886413950295278e-01
-1.276799244043044679e+00
4.334737311979457441e-01
3.537586937064210457e-01
-7.398949765577492732e-01
-1.168231400367298001e+00
4.015990601196988141e-01
3.615669412790473713e-01
-7.523710184172598403e-01
-1.093986481346244322e+00
3.855727067513666784e-01
3.615669412790473713e-01
-7.523710184172598403e-01
-1.093986481346244322e+00
3.855727067513666784e-01
3.635146749866181581e-01
-7.578306187835567309e-01
-1.123220585176988084e+00
3.803433609623981804e-01
3.685086641476310043e-01
-7.749808136356212129e-01
-1.213345367621606163e+00
3.673912170344608152e-01
3.710923106221683532e-01
-7.873275935136141435e-01
-1.276974270120658339e+00
3.606914363649215138e-01
3.710923106221683532e-01
-7.873275935136141435e-01
-1.276974270120658339e+00
3.606914363649215138e-01
3.719632674124510596e-01
-7.926998139862817538e-01
-1.304424114445496219e+00
3.583032481051716123e-01
3.737313771446721944e-01
-8.095943958019392594e-01
-1.390129864917245106e+00
3.523870798481256728e-01
3.741043956646378232e-01
-8.217491455769444508e-01
-1.451473279495382629e+00
3.493261167766205655e-01
3.741043956646378232e-01
-8.217491455769444508e-01
-1.451473279495382629e+00
3.493261167766205655e-01
3.740224535208071521e-01
-8.274507799898220828e-01
-1.480234738224084357e+00
3.481537490298440840e-01
3.727007693010276901e-01
-8.453062122086637542e-01
-1.570572870810751809e+00
3.453022624070071767e-01
3.707525194330202334e-01
-8.580578941142971150e-01
-1.635647712792167585e+00
3.438672254754867597e-01
3.707525194330202334e-01
-8.580578941142971150e-01
-1.635647712792167585e+00
3.438672254754867597e-01
3.697328825096490856e-01
-8.631599239558825909e-01
-1.661890535230579280e+00
3.433988448156805595e-01
3.656489821201855950e-01
-8.790379706824412720e-01
-1.744606182944808737e+00
3.422384061024370538e-01
3.618865176375444248e-01
-8.902787788922972290e-01
-1.804402608491942006e+00
3.416379176597755252e-01
3.618865176375444248e-01
-8.902787788922972290e-01
-1.804402608491942006e+00
3.416379176597755252e-01
3.601540462515819274e-01
-8.951539375243877661e-01
-1.825673106633824760e+00
3.417595148486859968e-01
3.540005544964923700e-01
-9.103069944179429385e-01
-1.892921839394207773e+00
3.420619896746897592e-01
3.489080413464977215e-01
-9.210201892886064057e-01
-1.941692236696413332e+00
3.422194508753914066e-01
3.489080413464977215e-01
-9.210201892886064057e-01
-1.941692236696413332e+00
3.422194508753914066e-01
3.467158584357515894e-01
-9.259950432159144151e-01
-1.950778808174273626e+00
3.482390416954367351e-01
3.392112892508880595e-01
-9.421714994199513749e-01
-1.980584304928090233e+00
3.690998829344069865e-01
3.331594612215824092e-01
-9.543642816852399013e-01
-2.003335849536871827e+00
3.861603139011922092e-01
3.331594612215824092e-01
-9.543642816852399013e-01
-2.003335849536871827e+00
3.861603139011922092e-01
3.309896380499672275e-01
-9.601098619569179426e-01
-1.986952199756417681e+00
3.939260017436007622e-01
3.245013889268082985e-01
-9.792927178234253072e-01
-1.932932572823159667e+00
4.207971237766536254e-01
3.202271743558441908e-01
-9.942557619104721578e-01
-1.891420122945425497e+00
4.427288276801513711e-01
3.202271743558441908e-01
-9.942557619104721578e-01
-1.891420122945425497e+00
4.427288276801513711e-01
3.172408023017833090e-01
-1.000326758665463389e+00
-1.925554992661226983e+00
4.512768107488905889e-01
3.059832662731447050e-01
-1.019536126180034197e+00
-2.037883762876642635e+00
4.804146776736702984e-01
2.959465583553917423e-01
-1.033317871395515564e+00
-2.123902814969603980e+00
5.037186255447267946e-01
2.959465583553917423e-01
-1.033317871395515564e+00
-2.123902814969603980e+00
5.037186255447267946e-01
2.908265796707912854e-01
-1.039485429146991491e+00
-2.164357538709761553e+00
5.149565726873988059e-01
2.721637361196858063e-01
-1.058362759462555980e+00
-2.298307128862876691e+00
5.533544304586619500e-01
2.561317859371082806e-01
-1.071121693438168654e+00
-2.401713486180948376e+00
5.841551355815840507e-01
2.561317859371082806e-01
-1.071121693438168654e+00
-2.401713486180948376e+00
5.841551355815840507e-01
2.484373445452105200e-01
-1.076350532016962624e+00
-2.448679012845226932e+00
5.984508839202382635e-01
2.212147714522251229e-01
-1.091069898344616540e+00
-2.604864556576774959e+00
6.472531751084088514e-01
1.987117880068338116e-01
-1.099455795913774736e+00
-2.726095757622613913e+00
6.863501476257019007e-01
1.987117880068338116e-01
-1.099455795913774736e+00
-2.726095757622613913e+00
6.863501476257019007e-01
1.890761606904610981e-01
-1.102135504884003803e+00
-2.776553594528385016e+00
6.900466935005623581e-01
1.575811487677335754e-01
-1.107379779936644937e+00
-2.937760593110061436e+00
7.017238076464553664e-01
1.341053709073647682e-01
-1.107975168025276735e+00
-3.056284918417540908e+00
7.101835574590449340e-01
1.341053709073647682e-01
-1.107975168025276735e+00
-3.056284918417540908e+00
7.101835574590449340e-01
1.229441134586515549e-01
-1.107284050850420254e+00
-3.112693706634085178e+00
7.101824910685099468e-01
8.822404870009301070e-02
-1.100976827684622794e+00
-3.290921901355264634e+00
7.101791923845113264e-01
6.403957426391726493e-02
-1.092609350277713665e+00
-3.420091360742218534e+00
7.101768673433961343e-01
6.403957426391726493e-02
-1.092609350277713665e+00
-3.420091360742218534e+00
7.101768673433961343e-01
5.385492438768590268e-02
-1.087992042009496618e+00
-3.476497618871717599e+00
7.101766271341306558e-01
2.365195847733431861e-02
-1.069743629156216569e+00
-3.654718245393687059e+00
7.101758840874690115e-01
4.027812774389263190e-03
-1.053318675193960052e+00
-3.783882615413261430e+00
7.101753603561994366e-01
4.027812774389263190e-03
-1.053318675193960052e+00
-3.783882615413261430e+00
7.101753603561994366e-01
-3.847679987469316068e-03
-1.045379845902013827e+00
-3.840276742373244900e+00
7.101741001081576243e-01
-2.558256784987572585e-02
-1.017580028308300077e+00
-4.018458513749629368e+00
7.101702017607089967e-01
-3.808013254100470896e-02
-9.952484839197305311e-01
-4.147594235370404725e+00
7.101674540527238566e-01
-3.808013254100470896e-02
-9.952484839197305311e-01
-4.147594235370404725e+00
7.101674540527238566e-01
-4.289339706813136838e-02
-9.861166609607845412e-01
-4.176170498754284033e+00
7.101645271538578053e-01
-5.635433633835562617e-02
-9.564199559013717433e-01
-4.266459060125102454e+00
7.101554404881862403e-01
-6.440852461750534719e-02
-9.342007664450636684e-01
-4.331894517683612555e+00
7.101490052405835529e-01
-6.440852461750534719e-02
-9.342007664450636684e-01
-4.331894517683612555e+00
7.101490052405835529e-01
-6.829044183621806041e-02
-9.228005892632513696e-01
-4.353127372447085364e+00
7.101471367690993519e-01
-7.895071580416929136e-02
-8.862804383534370611e-01
-4.420214163316741107e+00
7.101413494629612577e-01
-8.513431006002865342e-02
-8.594080942130207790e-01
-4.468834633408964585e+00
7.101372633402981416e-01
-8.513431006002865342e-02
-8.594080942130207790e-01
-4.468834633408964585e+00
7.101372633402981416e-01
-8.728596951789813208e-02
-8.488730286887636867e-01
-4.484427945661671799e+00
7.101362923216405498e-01
-9.300051785273105720e-02
-8.153866754637931757e-01
-4.533696308443778022e+00
7.101332779674920381e-01
-9.610784086966016326e-02
-7.909625364303658479e-01
-4.569403172401550250e+00
7.101311433731714029e-01
-9.610784086966016326e-02
-7.909625364303658479e-01
-4.569403172401550250e+00
7.101311433731714029e-01
-9.720281697386913555e-02
-7.798337589601512798e-01
-4.586581275377271005e+00
7.101319018160814345e-01
-9.940352655596204623e-02
-7.445740271990066717e-01
-4.640857187837467812e+00
7.101342545555286989e-01
-9.980131661487502692e-02
-7.189715168931861689e-01
-4.680193488152942116e+00
7.101359190381696385e-01
-9.980131661487502692e-02
-7.189715168931861689e-01
-4.680193488152942116e+00
7.101359190381696385e-01
-9.952362033952399933e-02
-7.082225474104241192e-01
-4.701695094982399681e+00
7.101363341979327615e-01
-9.712823014398593024e-02
-6.743393058759884484e-01
-4.769631477217766147e+00
7.101376227096043436e-01
-9.395741120158514204e-02
-6.499240608775340711e-01
-4.818868098020379520e+00
7.101385349016066106e-01
-9.395741120158514204e-02
-6.499240608775340711e-01
-4.818868098020379520e+00
7.101385349016066106e-01
-9.197606885618565820e-02
-6.397937743412790423e-01
-4.849940069713069235e+00
7.101386126880067096e-01
-8.366209659038836843e-02
-6.082696044016231429e-01
-4.948114838636000989e+00
7.101388541441051583e-01
-7.572579736670176365e-02
-5.860093247179667397e-01
-5.019266519548680527e+00
7.101390251129217068e-01
-7.572579736670176365e-02
-5.860093247179667397e-01
-5.019266519548680527e+00
7.101390251129217068e-01
-7.062480049184015340e-02
-5.755777772874784981e-01
-5.077736749926095250e+00
7.101376797491329995e-01
-5.063715946499411369e-02
-5.448704005205745604e-01
-5.262478091551697545e+00
7.101335214620845271e-01
-3.279872547011853517e-02
-5.251759811038080317e-01
-5.396367764440191728e+00
7.101305936477723124e-01
-3.279872547011853517e-02
-5.251759811038080317e-01
-5.396367764440191728e+00
7.101305936477723124e-01
