-4.363055798419552822e-01
-3.215333392184093753e-01
-4.363181291332559053e-01
9.999551694654098544e-01
-4.363199573232938722e-01
9.999504866855233320e-01
-4.363267310611935179e-01
9.993848383421789494e-01
4.363265796553711384e-01
-3.201640527852537832e-01
4.363258686561206079e-01
1.187378600126804129e-01
4.363258954021745906e-01
6.709106482829561326e-03
4.363259462854273130e-01
2.523902263600286480e-02
4.363263244270959573e-01
6.811303170920761374e-03
4.363265020403164773e-01
-1.185912785136214974e-02
4.363262825844272941e-01
-3.242450207702692044e-02
4.363269962306801641e-01
-4.129201179440943059e-02
4.363274894428446071e-01
-6.154577354106502418e-02
4.363274375746870049e-01
-7.851421127164169567e-02
4.363278379559465403e-01
-8.913173143047578573e-02
4.363279152505238345e-01
-1.062651517788518879e-01
-4.363275802933041514e-01
5.354788429540078415e-02
-4.363276505803360128e-01
5.356513975927297555e-02
-4.363265810408570866e-01
5.357687402575986996e-02
-4.363195405578690900e-01
9.999798306026842498e-01
-4.362931956788169141e-01
9.999894468520112989e-01
-4.363028923987172791e-01
9.999885204672896988e-01
-4.363105330902895540e-01
9.999871824711845658e-01
-4.362990461698612044e-01
9.999853170285105675e-01
-2.304047490156719835e-01
9.999698112018180485e-01
-1.163702778597617282e-01
-3.215800056336494683e-01
-5.306509140558652443e-02
-3.215912379746040939e-01
-1.676059448009369415e-02
-3.215926134730844876e-01
-1.338341682788092291e-01
-3.215905915903632395e-01
-4.361092046777401143e-01
-2.010608925958625448e-01
-2.941834932395027136e-01
1.059513852321969513e-01
-1.426134337944189034e-01
1.393512755087493171e-01
-4.406096073882815461e-02
1.486439029347635665e-01
4.052191966296090492e-02
1.487863208365954037e-01
1.242247073483837699e-01
1.418245037979070922e-01
2.146434272031082224e-01
1.263469209951181282e-01
3.262451536326428370e-01
9.591610123548686972e-02
4.362215748526480086e-01
5.365505383673600109e-02
4.362984621360502246e-01
5.358157403500219546e-02
