-4.362513946239930940e-01
-3.214409995065765080e-01
-4.362820098094445931e-01
9.998940116719050586e-01
-4.362557703819177068e-01
9.998936037303782776e-01
-4.362921803447486480e-01
9.997210927103328260e-01
-4.362888232533092547e-01
-1.300558861658578091e-01
5.168818213690604818e-02
-3.202976107084146706e-01
1.681549765238680438e-01
1.823009260143317878e-01
2.401864034652902991e-01
8.615156799451256786e-02
3.138903502640651433e-01
2.061208603048717003e-01
4.112694743779958806e-01
1.914505053784493760e-01
4.361804710797071438e-01
8.496156754422060087e-02
4.362666589680180285e-01
7.712155912664661606e-02
4.362910296391530607e-01
3.044919691207618323e-02
4.362992806837805437e-01
2.052774581611222643e-02
4.363071546979144788e-01
-7.371127142335574811e-02
4.363121329938312587e-01
8.625299740380065749e-02
4.363123460984089097e-01
9.998215308645633792e-01
4.363081581246313623e-01
9.999616370606816407e-01
-4.362835307062070123e-01
9.999707391331232875e-01
-4.363044131753726629e-01
9.999681589327387154e-01
-4.363108331773410953e-01
9.999699851871499678e-01
-4.363043560588121816e-01
9.999650965721428308e-01
-3.556239384261639103e-01
9.999114419014473176e-01
-1.445802788533946670e-01
-3.215780955953913001e-01
2.307377847315155439e-01
-3.215885453619399259e-01
-4.362654656002926679e-01
-3.215892169377218002e-01
-4.363043104646123771e-01
-3.215884290568539750e-01
-4.363152990234265283e-01
-3.215816301305604585e-01
-4.363186240301636931e-01
-2.682396409860604569e-02
-4.363158318941850466e-01
5.359262195054705080e-02
-4.363044135969592063e-01
5.358233596900559975e-02
-4.362075231438982126e-01
5.364588031658945599e-02
-2.394607307162232857e-01
1.207312616674420386e-01
-1.525110886381730591e-01
1.378945604898296762e-01
-1.254461820014968754e-01
1.416760946571085644e-01
-1.328816995674441115e-01
1.406727624529288123e-01
-1.729760354214912310e-01
1.344937181838210816e-01
-2.603840880466086194e-01
1.153963104056450334e-01
-4.355389682871925183e-01
5.394798865118317216e-02
