-0.00478741
0.0113049
0.0239446
0.0309362
0.0475909
0.0322277
0.0499981
0.033987
0.0212807
0.0127835
-0.00260174
-0.0174883
-0.00320861
0.00796152
0.0132514
0.025497
0.0392554
0.0246066
0.0131363
0.00668194
-0.00492859
-0.0192749
-0.00458539
0.00684527
0.0133319
0.0248526
0.0392217
0.024524
0.0130912
0.00658653
-0.00492167
-0.0192967
-0.0356644
-0.0213522
-0.0103167
-0.00513811
0.00700795
0.0207247
0.00606411
-0.00541673
-0.00946968
-0.0242207
-0.00850737
-0.0281794
-0.0118957
0.000675527
0.00985312
-0.0056186
0.0137282
-0.00273397
-0.0154534
-0.0228741
-0.0398174
-0.0245545
-0.0130772
-0.00526507
0.00508129
0.0201622
0.00537374
-0.00603188
-0.0101182
-0.0247716
-0.00904385
0.00290652
0.012318
0.0208662
0.0380663
0.0230788
0.0117833
0.00482458
-0.0060484
-0.0206898
-0.0367453
-0.0224467
-0.0113863
-0.00620238
0.00597602
0.019693
0.0050357
-0.00644302
-0.0129266
-0.0245217
-0.038884
-0.0241934
-0.0127642
-0.0062763
0.00316272
0.0202251
0.00521663
-0.00610962
-0.0131903
-0.022163
-0.0392395
-0.0242091
-0.0143356
-0.00531497
-0.0218453
-0.0030035
-0.0196556
-0.000967417
